mean: 49.89439
stdev: 28.78655
